{
 "cells": [
  {
   "cell_type": "code",
   "execution_count": 1,
   "id": "05c38524",
   "metadata": {},
   "outputs": [],
   "source": [
    "import pandas as pd\n",
    "import numpy as np\n",
    "import seaborn as sns\n",
    "from sklearn.linear_model import LinearRegression"
   ]
  },
  {
   "cell_type": "code",
   "execution_count": 2,
   "id": "4b98dce2",
   "metadata": {},
   "outputs": [],
   "source": [
    "df = pd.read_csv('Train.csv',index_col='ward')"
   ]
  },
  {
   "cell_type": "code",
   "execution_count": 3,
   "id": "6ca6dc89",
   "metadata": {},
   "outputs": [
    {
     "data": {
      "text/html": [
       "<div>\n",
       "<style scoped>\n",
       "    .dataframe tbody tr th:only-of-type {\n",
       "        vertical-align: middle;\n",
       "    }\n",
       "\n",
       "    .dataframe tbody tr th {\n",
       "        vertical-align: top;\n",
       "    }\n",
       "\n",
       "    .dataframe thead th {\n",
       "        text-align: right;\n",
       "    }\n",
       "</style>\n",
       "<table border=\"1\" class=\"dataframe\">\n",
       "  <thead>\n",
       "    <tr style=\"text-align: right;\">\n",
       "      <th></th>\n",
       "      <th>total_households</th>\n",
       "      <th>total_individuals</th>\n",
       "      <th>target</th>\n",
       "      <th>dw_00</th>\n",
       "      <th>dw_01</th>\n",
       "      <th>dw_02</th>\n",
       "      <th>dw_03</th>\n",
       "      <th>dw_04</th>\n",
       "      <th>dw_05</th>\n",
       "      <th>dw_06</th>\n",
       "      <th>...</th>\n",
       "      <th>pw_03</th>\n",
       "      <th>pw_04</th>\n",
       "      <th>pw_05</th>\n",
       "      <th>pw_06</th>\n",
       "      <th>pw_07</th>\n",
       "      <th>pw_08</th>\n",
       "      <th>ADM4_PCODE</th>\n",
       "      <th>lat</th>\n",
       "      <th>lon</th>\n",
       "      <th>NL</th>\n",
       "    </tr>\n",
       "    <tr>\n",
       "      <th>ward</th>\n",
       "      <th></th>\n",
       "      <th></th>\n",
       "      <th></th>\n",
       "      <th></th>\n",
       "      <th></th>\n",
       "      <th></th>\n",
       "      <th></th>\n",
       "      <th></th>\n",
       "      <th></th>\n",
       "      <th></th>\n",
       "      <th></th>\n",
       "      <th></th>\n",
       "      <th></th>\n",
       "      <th></th>\n",
       "      <th></th>\n",
       "      <th></th>\n",
       "      <th></th>\n",
       "      <th></th>\n",
       "      <th></th>\n",
       "      <th></th>\n",
       "      <th></th>\n",
       "    </tr>\n",
       "  </thead>\n",
       "  <tbody>\n",
       "    <tr>\n",
       "      <th>41601001: Ward 1</th>\n",
       "      <td>1674.45058</td>\n",
       "      <td>5888.20750</td>\n",
       "      <td>16.773757</td>\n",
       "      <td>0.933841</td>\n",
       "      <td>0.000846</td>\n",
       "      <td>0.005490</td>\n",
       "      <td>0.000676</td>\n",
       "      <td>0.000000</td>\n",
       "      <td>0.001372</td>\n",
       "      <td>0.005750</td>\n",
       "      <td>...</td>\n",
       "      <td>0.002848</td>\n",
       "      <td>0.007537</td>\n",
       "      <td>0.000000</td>\n",
       "      <td>0.012928</td>\n",
       "      <td>0</td>\n",
       "      <td>0</td>\n",
       "      <td>ZA4161001</td>\n",
       "      <td>-29.682270</td>\n",
       "      <td>24.734743</td>\n",
       "      <td>0.292039</td>\n",
       "    </tr>\n",
       "    <tr>\n",
       "      <th>41601002: Ward 2</th>\n",
       "      <td>1736.99230</td>\n",
       "      <td>6735.33812</td>\n",
       "      <td>21.496661</td>\n",
       "      <td>0.696940</td>\n",
       "      <td>0.001253</td>\n",
       "      <td>0.004402</td>\n",
       "      <td>0.000000</td>\n",
       "      <td>0.002301</td>\n",
       "      <td>0.001323</td>\n",
       "      <td>0.007575</td>\n",
       "      <td>...</td>\n",
       "      <td>0.014566</td>\n",
       "      <td>0.057127</td>\n",
       "      <td>0.019092</td>\n",
       "      <td>0.004131</td>\n",
       "      <td>0</td>\n",
       "      <td>0</td>\n",
       "      <td>ZA4161002</td>\n",
       "      <td>-29.119311</td>\n",
       "      <td>24.757737</td>\n",
       "      <td>3.207775</td>\n",
       "    </tr>\n",
       "    <tr>\n",
       "      <th>41601003: Ward 3</th>\n",
       "      <td>2403.57591</td>\n",
       "      <td>7273.04995</td>\n",
       "      <td>10.931425</td>\n",
       "      <td>0.810545</td>\n",
       "      <td>0.004517</td>\n",
       "      <td>0.008891</td>\n",
       "      <td>0.003986</td>\n",
       "      <td>0.007735</td>\n",
       "      <td>0.000956</td>\n",
       "      <td>0.006686</td>\n",
       "      <td>...</td>\n",
       "      <td>0.057560</td>\n",
       "      <td>0.010358</td>\n",
       "      <td>0.001421</td>\n",
       "      <td>0.040881</td>\n",
       "      <td>0</td>\n",
       "      <td>0</td>\n",
       "      <td>ZA4161003</td>\n",
       "      <td>-29.142276</td>\n",
       "      <td>25.094093</td>\n",
       "      <td>0.000000</td>\n",
       "    </tr>\n",
       "    <tr>\n",
       "      <th>41601004: Ward 4</th>\n",
       "      <td>1740.78737</td>\n",
       "      <td>5734.49046</td>\n",
       "      <td>23.119257</td>\n",
       "      <td>0.659914</td>\n",
       "      <td>0.000000</td>\n",
       "      <td>0.006129</td>\n",
       "      <td>0.000000</td>\n",
       "      <td>0.000813</td>\n",
       "      <td>0.037245</td>\n",
       "      <td>0.005255</td>\n",
       "      <td>...</td>\n",
       "      <td>0.000000</td>\n",
       "      <td>0.000669</td>\n",
       "      <td>0.000000</td>\n",
       "      <td>0.005011</td>\n",
       "      <td>0</td>\n",
       "      <td>0</td>\n",
       "      <td>ZA4161004</td>\n",
       "      <td>-29.372052</td>\n",
       "      <td>24.942867</td>\n",
       "      <td>2.038778</td>\n",
       "    </tr>\n",
       "    <tr>\n",
       "      <th>41601005: Ward 5</th>\n",
       "      <td>1730.51451</td>\n",
       "      <td>6657.23835</td>\n",
       "      <td>13.652252</td>\n",
       "      <td>0.950575</td>\n",
       "      <td>0.000655</td>\n",
       "      <td>0.001473</td>\n",
       "      <td>0.000598</td>\n",
       "      <td>0.006999</td>\n",
       "      <td>0.000818</td>\n",
       "      <td>0.004985</td>\n",
       "      <td>...</td>\n",
       "      <td>0.004859</td>\n",
       "      <td>0.001290</td>\n",
       "      <td>0.000673</td>\n",
       "      <td>0.017629</td>\n",
       "      <td>0</td>\n",
       "      <td>0</td>\n",
       "      <td>ZA4161005</td>\n",
       "      <td>-29.409381</td>\n",
       "      <td>25.290165</td>\n",
       "      <td>0.000000</td>\n",
       "    </tr>\n",
       "  </tbody>\n",
       "</table>\n",
       "<p>5 rows × 62 columns</p>\n",
       "</div>"
      ],
      "text/plain": [
       "                  total_households  total_individuals     target     dw_00  \\\n",
       "ward                                                                         \n",
       "41601001: Ward 1        1674.45058         5888.20750  16.773757  0.933841   \n",
       "41601002: Ward 2        1736.99230         6735.33812  21.496661  0.696940   \n",
       "41601003: Ward 3        2403.57591         7273.04995  10.931425  0.810545   \n",
       "41601004: Ward 4        1740.78737         5734.49046  23.119257  0.659914   \n",
       "41601005: Ward 5        1730.51451         6657.23835  13.652252  0.950575   \n",
       "\n",
       "                     dw_01     dw_02     dw_03     dw_04     dw_05     dw_06  \\\n",
       "ward                                                                           \n",
       "41601001: Ward 1  0.000846  0.005490  0.000676  0.000000  0.001372  0.005750   \n",
       "41601002: Ward 2  0.001253  0.004402  0.000000  0.002301  0.001323  0.007575   \n",
       "41601003: Ward 3  0.004517  0.008891  0.003986  0.007735  0.000956  0.006686   \n",
       "41601004: Ward 4  0.000000  0.006129  0.000000  0.000813  0.037245  0.005255   \n",
       "41601005: Ward 5  0.000655  0.001473  0.000598  0.006999  0.000818  0.004985   \n",
       "\n",
       "                  ...     pw_03     pw_04     pw_05     pw_06  pw_07  pw_08  \\\n",
       "ward              ...                                                         \n",
       "41601001: Ward 1  ...  0.002848  0.007537  0.000000  0.012928      0      0   \n",
       "41601002: Ward 2  ...  0.014566  0.057127  0.019092  0.004131      0      0   \n",
       "41601003: Ward 3  ...  0.057560  0.010358  0.001421  0.040881      0      0   \n",
       "41601004: Ward 4  ...  0.000000  0.000669  0.000000  0.005011      0      0   \n",
       "41601005: Ward 5  ...  0.004859  0.001290  0.000673  0.017629      0      0   \n",
       "\n",
       "                  ADM4_PCODE        lat        lon        NL  \n",
       "ward                                                          \n",
       "41601001: Ward 1   ZA4161001 -29.682270  24.734743  0.292039  \n",
       "41601002: Ward 2   ZA4161002 -29.119311  24.757737  3.207775  \n",
       "41601003: Ward 3   ZA4161003 -29.142276  25.094093  0.000000  \n",
       "41601004: Ward 4   ZA4161004 -29.372052  24.942867  2.038778  \n",
       "41601005: Ward 5   ZA4161005 -29.409381  25.290165  0.000000  \n",
       "\n",
       "[5 rows x 62 columns]"
      ]
     },
     "execution_count": 3,
     "metadata": {},
     "output_type": "execute_result"
    }
   ],
   "source": [
    "df.head()"
   ]
  },
  {
   "cell_type": "code",
   "execution_count": 21,
   "id": "67985043",
   "metadata": {},
   "outputs": [
    {
     "data": {
      "text/plain": [
       "Index(['total_households', 'total_individuals', 'target', 'dw_00', 'dw_01',\n",
       "       'dw_02', 'dw_03', 'dw_04', 'dw_05', 'dw_06', 'dw_07', 'dw_08', 'dw_09',\n",
       "       'dw_10', 'dw_11', 'dw_12', 'dw_13', 'psa_00', 'psa_01', 'psa_02',\n",
       "       'psa_03', 'psa_04', 'stv_00', 'stv_01', 'car_00', 'car_01', 'lln_00',\n",
       "       'lln_01', 'lan_00', 'lan_01', 'lan_02', 'lan_03', 'lan_04', 'lan_05',\n",
       "       'lan_06', 'lan_07', 'lan_08', 'lan_09', 'lan_10', 'lan_11', 'lan_12',\n",
       "       'lan_13', 'lan_14', 'pg_00', 'pg_01', 'pg_02', 'pg_03', 'pg_04',\n",
       "       'lgt_00', 'pw_00', 'pw_01', 'pw_02', 'pw_03', 'pw_04', 'pw_05', 'pw_06',\n",
       "       'pw_07', 'pw_08', 'ADM4_PCODE', 'lat', 'lon', 'NL'],\n",
       "      dtype='object')"
      ]
     },
     "execution_count": 21,
     "metadata": {},
     "output_type": "execute_result"
    }
   ],
   "source": [
    "df.columns"
   ]
  },
  {
   "cell_type": "code",
   "execution_count": 5,
   "id": "fc3a38e5",
   "metadata": {},
   "outputs": [],
   "source": [
    "df_dropped = df.drop(['dw_12', 'dw_13','lan_13','pw_07', 'pw_08','stv_01','car_01','lln_01'],axis=1)"
   ]
  },
  {
   "cell_type": "code",
   "execution_count": 18,
   "id": "c515a7f0",
   "metadata": {},
   "outputs": [],
   "source": [
    "df_dropped['water_community']=df_dropped.pw_02+df_dropped.pw_03+df_dropped.pw_04+df_dropped.pw_05+df_dropped.pw_06\n",
    "df_dropped['not_black']=df_dropped.pg_01+df_dropped.pg_02+df_dropped.pg_03+df_dropped.pg_04\n",
    "df_dropped['not_white']=df_dropped.pg_01+df_dropped.pg_02+df_dropped.pg_00+df_dropped.pg_04\n",
    "df_dropped['Euro_lang']=df_dropped.lan_00+df_dropped.lan_01\n",
    "df_dropped['person_per_household'] = df_dropped.total_individuals/df_dropped.total_households"
   ]
  },
  {
   "cell_type": "code",
   "execution_count": 22,
   "id": "f445f90f",
   "metadata": {},
   "outputs": [
    {
     "data": {
      "text/plain": [
       "Index(['total_households', 'total_individuals', 'target', 'dw_00', 'dw_01',\n",
       "       'dw_02', 'dw_03', 'dw_04', 'dw_05', 'dw_06', 'dw_07', 'dw_08', 'dw_09',\n",
       "       'dw_10', 'dw_11', 'psa_00', 'psa_01', 'psa_02', 'psa_03', 'psa_04',\n",
       "       'stv_00', 'car_00', 'lln_00', 'lan_00', 'lan_01', 'lan_02', 'lan_03',\n",
       "       'lan_04', 'lan_05', 'lan_06', 'lan_07', 'lan_08', 'lan_09', 'lan_10',\n",
       "       'lan_11', 'lan_12', 'lan_14', 'pg_00', 'pg_01', 'pg_02', 'pg_03',\n",
       "       'pg_04', 'lgt_00', 'pw_00', 'pw_01', 'pw_02', 'pw_03', 'pw_04', 'pw_05',\n",
       "       'pw_06', 'ADM4_PCODE', 'lat', 'lon', 'NL', 'water_community',\n",
       "       'not_black', 'not_white', 'Euro_lang', 'person_per_household'],\n",
       "      dtype='object')"
      ]
     },
     "execution_count": 22,
     "metadata": {},
     "output_type": "execute_result"
    }
   ],
   "source": [
    "df_dropped.columns"
   ]
  },
  {
   "cell_type": "code",
   "execution_count": 8,
   "id": "ec6bab39",
   "metadata": {},
   "outputs": [],
   "source": [
    "households = df_dropped[['dw_00',\n",
    "       'dw_01', 'dw_02', 'dw_03', 'dw_04', 'dw_05', 'dw_06', 'dw_07', 'dw_08',\n",
    "       'dw_09', 'dw_10', 'dw_11']]\n",
    "languages = df_dropped[['lan_00', 'lan_01', 'lan_02',\n",
    "       'lan_03', 'lan_04', 'lan_05', 'lan_06', 'lan_07', 'lan_08', 'lan_09',\n",
    "       'lan_10', 'lan_11', 'lan_12', 'lan_14','Euro_lang']]\n",
    "water = df_dropped[['pw_00', 'pw_01', 'pw_02', 'pw_03', 'pw_04',\n",
    "       'pw_05', 'pw_06']]\n",
    "ethnicity = df_dropped[['pg_00', 'pg_01', 'pg_02',\n",
    "       'pg_03', 'pg_04','not_black','not_white']]\n",
    "education = df_dropped[['psa_00', 'psa_01',\n",
    "       'psa_02', 'psa_03', 'psa_04']]"
   ]
  },
  {
   "cell_type": "code",
   "execution_count": 9,
   "id": "1b8552cc",
   "metadata": {},
   "outputs": [
    {
     "data": {
      "text/html": [
       "<div>\n",
       "<style scoped>\n",
       "    .dataframe tbody tr th:only-of-type {\n",
       "        vertical-align: middle;\n",
       "    }\n",
       "\n",
       "    .dataframe tbody tr th {\n",
       "        vertical-align: top;\n",
       "    }\n",
       "\n",
       "    .dataframe thead th {\n",
       "        text-align: right;\n",
       "    }\n",
       "</style>\n",
       "<table border=\"1\" class=\"dataframe\">\n",
       "  <thead>\n",
       "    <tr style=\"text-align: right;\">\n",
       "      <th></th>\n",
       "      <th>dw_00</th>\n",
       "      <th>dw_01</th>\n",
       "      <th>dw_02</th>\n",
       "      <th>dw_03</th>\n",
       "      <th>dw_04</th>\n",
       "      <th>dw_05</th>\n",
       "      <th>dw_06</th>\n",
       "      <th>dw_07</th>\n",
       "      <th>dw_08</th>\n",
       "      <th>dw_09</th>\n",
       "      <th>dw_10</th>\n",
       "      <th>dw_11</th>\n",
       "    </tr>\n",
       "  </thead>\n",
       "  <tbody>\n",
       "    <tr>\n",
       "      <th>dw_00</th>\n",
       "      <td>1.000000</td>\n",
       "      <td>-0.614702</td>\n",
       "      <td>-0.356335</td>\n",
       "      <td>-0.154956</td>\n",
       "      <td>-0.126421</td>\n",
       "      <td>-0.076181</td>\n",
       "      <td>-0.181262</td>\n",
       "      <td>-0.228804</td>\n",
       "      <td>-0.364130</td>\n",
       "      <td>-0.076239</td>\n",
       "      <td>-0.025813</td>\n",
       "      <td>-0.119659</td>\n",
       "    </tr>\n",
       "    <tr>\n",
       "      <th>dw_01</th>\n",
       "      <td>-0.614702</td>\n",
       "      <td>1.000000</td>\n",
       "      <td>0.000617</td>\n",
       "      <td>-0.075112</td>\n",
       "      <td>-0.112250</td>\n",
       "      <td>-0.095776</td>\n",
       "      <td>-0.099431</td>\n",
       "      <td>-0.236245</td>\n",
       "      <td>-0.223481</td>\n",
       "      <td>-0.102495</td>\n",
       "      <td>-0.009229</td>\n",
       "      <td>-0.016891</td>\n",
       "    </tr>\n",
       "    <tr>\n",
       "      <th>dw_02</th>\n",
       "      <td>-0.356335</td>\n",
       "      <td>0.000617</td>\n",
       "      <td>1.000000</td>\n",
       "      <td>0.199940</td>\n",
       "      <td>0.205096</td>\n",
       "      <td>0.015692</td>\n",
       "      <td>0.086548</td>\n",
       "      <td>-0.138369</td>\n",
       "      <td>-0.102479</td>\n",
       "      <td>0.104707</td>\n",
       "      <td>0.016612</td>\n",
       "      <td>-0.016776</td>\n",
       "    </tr>\n",
       "    <tr>\n",
       "      <th>dw_03</th>\n",
       "      <td>-0.154956</td>\n",
       "      <td>-0.075112</td>\n",
       "      <td>0.199940</td>\n",
       "      <td>1.000000</td>\n",
       "      <td>0.724167</td>\n",
       "      <td>0.026997</td>\n",
       "      <td>0.030068</td>\n",
       "      <td>-0.101747</td>\n",
       "      <td>-0.073226</td>\n",
       "      <td>0.088665</td>\n",
       "      <td>0.003593</td>\n",
       "      <td>-0.004090</td>\n",
       "    </tr>\n",
       "    <tr>\n",
       "      <th>dw_04</th>\n",
       "      <td>-0.126421</td>\n",
       "      <td>-0.112250</td>\n",
       "      <td>0.205096</td>\n",
       "      <td>0.724167</td>\n",
       "      <td>1.000000</td>\n",
       "      <td>0.023814</td>\n",
       "      <td>0.032962</td>\n",
       "      <td>-0.111346</td>\n",
       "      <td>-0.090086</td>\n",
       "      <td>0.077900</td>\n",
       "      <td>0.010481</td>\n",
       "      <td>-0.016858</td>\n",
       "    </tr>\n",
       "    <tr>\n",
       "      <th>dw_05</th>\n",
       "      <td>-0.076181</td>\n",
       "      <td>-0.095776</td>\n",
       "      <td>0.015692</td>\n",
       "      <td>0.026997</td>\n",
       "      <td>0.023814</td>\n",
       "      <td>1.000000</td>\n",
       "      <td>0.090361</td>\n",
       "      <td>0.057107</td>\n",
       "      <td>-0.009425</td>\n",
       "      <td>0.024883</td>\n",
       "      <td>0.000582</td>\n",
       "      <td>0.026353</td>\n",
       "    </tr>\n",
       "    <tr>\n",
       "      <th>dw_06</th>\n",
       "      <td>-0.181262</td>\n",
       "      <td>-0.099431</td>\n",
       "      <td>0.086548</td>\n",
       "      <td>0.030068</td>\n",
       "      <td>0.032962</td>\n",
       "      <td>0.090361</td>\n",
       "      <td>1.000000</td>\n",
       "      <td>0.188127</td>\n",
       "      <td>-0.037779</td>\n",
       "      <td>0.140110</td>\n",
       "      <td>-0.015078</td>\n",
       "      <td>0.001389</td>\n",
       "    </tr>\n",
       "    <tr>\n",
       "      <th>dw_07</th>\n",
       "      <td>-0.228804</td>\n",
       "      <td>-0.236245</td>\n",
       "      <td>-0.138369</td>\n",
       "      <td>-0.101747</td>\n",
       "      <td>-0.111346</td>\n",
       "      <td>0.057107</td>\n",
       "      <td>0.188127</td>\n",
       "      <td>1.000000</td>\n",
       "      <td>0.383494</td>\n",
       "      <td>-0.014181</td>\n",
       "      <td>-0.038155</td>\n",
       "      <td>0.025483</td>\n",
       "    </tr>\n",
       "    <tr>\n",
       "      <th>dw_08</th>\n",
       "      <td>-0.364130</td>\n",
       "      <td>-0.223481</td>\n",
       "      <td>-0.102479</td>\n",
       "      <td>-0.073226</td>\n",
       "      <td>-0.090086</td>\n",
       "      <td>-0.009425</td>\n",
       "      <td>-0.037779</td>\n",
       "      <td>0.383494</td>\n",
       "      <td>1.000000</td>\n",
       "      <td>0.001179</td>\n",
       "      <td>0.025008</td>\n",
       "      <td>0.030086</td>\n",
       "    </tr>\n",
       "    <tr>\n",
       "      <th>dw_09</th>\n",
       "      <td>-0.076239</td>\n",
       "      <td>-0.102495</td>\n",
       "      <td>0.104707</td>\n",
       "      <td>0.088665</td>\n",
       "      <td>0.077900</td>\n",
       "      <td>0.024883</td>\n",
       "      <td>0.140110</td>\n",
       "      <td>-0.014181</td>\n",
       "      <td>0.001179</td>\n",
       "      <td>1.000000</td>\n",
       "      <td>0.075266</td>\n",
       "      <td>0.015195</td>\n",
       "    </tr>\n",
       "    <tr>\n",
       "      <th>dw_10</th>\n",
       "      <td>-0.025813</td>\n",
       "      <td>-0.009229</td>\n",
       "      <td>0.016612</td>\n",
       "      <td>0.003593</td>\n",
       "      <td>0.010481</td>\n",
       "      <td>0.000582</td>\n",
       "      <td>-0.015078</td>\n",
       "      <td>-0.038155</td>\n",
       "      <td>0.025008</td>\n",
       "      <td>0.075266</td>\n",
       "      <td>1.000000</td>\n",
       "      <td>0.048042</td>\n",
       "    </tr>\n",
       "    <tr>\n",
       "      <th>dw_11</th>\n",
       "      <td>-0.119659</td>\n",
       "      <td>-0.016891</td>\n",
       "      <td>-0.016776</td>\n",
       "      <td>-0.004090</td>\n",
       "      <td>-0.016858</td>\n",
       "      <td>0.026353</td>\n",
       "      <td>0.001389</td>\n",
       "      <td>0.025483</td>\n",
       "      <td>0.030086</td>\n",
       "      <td>0.015195</td>\n",
       "      <td>0.048042</td>\n",
       "      <td>1.000000</td>\n",
       "    </tr>\n",
       "  </tbody>\n",
       "</table>\n",
       "</div>"
      ],
      "text/plain": [
       "          dw_00     dw_01     dw_02     dw_03     dw_04     dw_05     dw_06  \\\n",
       "dw_00  1.000000 -0.614702 -0.356335 -0.154956 -0.126421 -0.076181 -0.181262   \n",
       "dw_01 -0.614702  1.000000  0.000617 -0.075112 -0.112250 -0.095776 -0.099431   \n",
       "dw_02 -0.356335  0.000617  1.000000  0.199940  0.205096  0.015692  0.086548   \n",
       "dw_03 -0.154956 -0.075112  0.199940  1.000000  0.724167  0.026997  0.030068   \n",
       "dw_04 -0.126421 -0.112250  0.205096  0.724167  1.000000  0.023814  0.032962   \n",
       "dw_05 -0.076181 -0.095776  0.015692  0.026997  0.023814  1.000000  0.090361   \n",
       "dw_06 -0.181262 -0.099431  0.086548  0.030068  0.032962  0.090361  1.000000   \n",
       "dw_07 -0.228804 -0.236245 -0.138369 -0.101747 -0.111346  0.057107  0.188127   \n",
       "dw_08 -0.364130 -0.223481 -0.102479 -0.073226 -0.090086 -0.009425 -0.037779   \n",
       "dw_09 -0.076239 -0.102495  0.104707  0.088665  0.077900  0.024883  0.140110   \n",
       "dw_10 -0.025813 -0.009229  0.016612  0.003593  0.010481  0.000582 -0.015078   \n",
       "dw_11 -0.119659 -0.016891 -0.016776 -0.004090 -0.016858  0.026353  0.001389   \n",
       "\n",
       "          dw_07     dw_08     dw_09     dw_10     dw_11  \n",
       "dw_00 -0.228804 -0.364130 -0.076239 -0.025813 -0.119659  \n",
       "dw_01 -0.236245 -0.223481 -0.102495 -0.009229 -0.016891  \n",
       "dw_02 -0.138369 -0.102479  0.104707  0.016612 -0.016776  \n",
       "dw_03 -0.101747 -0.073226  0.088665  0.003593 -0.004090  \n",
       "dw_04 -0.111346 -0.090086  0.077900  0.010481 -0.016858  \n",
       "dw_05  0.057107 -0.009425  0.024883  0.000582  0.026353  \n",
       "dw_06  0.188127 -0.037779  0.140110 -0.015078  0.001389  \n",
       "dw_07  1.000000  0.383494 -0.014181 -0.038155  0.025483  \n",
       "dw_08  0.383494  1.000000  0.001179  0.025008  0.030086  \n",
       "dw_09 -0.014181  0.001179  1.000000  0.075266  0.015195  \n",
       "dw_10 -0.038155  0.025008  0.075266  1.000000  0.048042  \n",
       "dw_11  0.025483  0.030086  0.015195  0.048042  1.000000  "
      ]
     },
     "execution_count": 9,
     "metadata": {},
     "output_type": "execute_result"
    }
   ],
   "source": [
    "households.corr()"
   ]
  },
  {
   "cell_type": "code",
   "execution_count": 10,
   "id": "b8cbbc8c",
   "metadata": {
    "scrolled": true
   },
   "outputs": [
    {
     "data": {
      "text/html": [
       "<div>\n",
       "<style scoped>\n",
       "    .dataframe tbody tr th:only-of-type {\n",
       "        vertical-align: middle;\n",
       "    }\n",
       "\n",
       "    .dataframe tbody tr th {\n",
       "        vertical-align: top;\n",
       "    }\n",
       "\n",
       "    .dataframe thead th {\n",
       "        text-align: right;\n",
       "    }\n",
       "</style>\n",
       "<table border=\"1\" class=\"dataframe\">\n",
       "  <thead>\n",
       "    <tr style=\"text-align: right;\">\n",
       "      <th></th>\n",
       "      <th>lan_00</th>\n",
       "      <th>lan_01</th>\n",
       "      <th>lan_02</th>\n",
       "      <th>lan_03</th>\n",
       "      <th>lan_04</th>\n",
       "      <th>lan_05</th>\n",
       "      <th>lan_06</th>\n",
       "      <th>lan_07</th>\n",
       "      <th>lan_08</th>\n",
       "      <th>lan_09</th>\n",
       "      <th>lan_10</th>\n",
       "      <th>lan_11</th>\n",
       "      <th>lan_12</th>\n",
       "      <th>lan_14</th>\n",
       "      <th>Euro_lang</th>\n",
       "    </tr>\n",
       "  </thead>\n",
       "  <tbody>\n",
       "    <tr>\n",
       "      <th>lan_00</th>\n",
       "      <td>1.000000</td>\n",
       "      <td>0.132408</td>\n",
       "      <td>-0.099351</td>\n",
       "      <td>-0.004755</td>\n",
       "      <td>-0.289190</td>\n",
       "      <td>-0.168466</td>\n",
       "      <td>-0.069850</td>\n",
       "      <td>-0.074826</td>\n",
       "      <td>-0.102339</td>\n",
       "      <td>-0.069690</td>\n",
       "      <td>-0.066412</td>\n",
       "      <td>-0.123310</td>\n",
       "      <td>0.080583</td>\n",
       "      <td>0.206178</td>\n",
       "      <td>0.873919</td>\n",
       "    </tr>\n",
       "    <tr>\n",
       "      <th>lan_01</th>\n",
       "      <td>0.132408</td>\n",
       "      <td>1.000000</td>\n",
       "      <td>-0.065034</td>\n",
       "      <td>-0.002805</td>\n",
       "      <td>-0.094170</td>\n",
       "      <td>-0.144927</td>\n",
       "      <td>-0.112851</td>\n",
       "      <td>-0.109947</td>\n",
       "      <td>-0.091286</td>\n",
       "      <td>-0.061568</td>\n",
       "      <td>-0.057046</td>\n",
       "      <td>-0.102076</td>\n",
       "      <td>0.292020</td>\n",
       "      <td>0.138091</td>\n",
       "      <td>0.597506</td>\n",
       "    </tr>\n",
       "    <tr>\n",
       "      <th>lan_02</th>\n",
       "      <td>-0.099351</td>\n",
       "      <td>-0.065034</td>\n",
       "      <td>1.000000</td>\n",
       "      <td>-0.070881</td>\n",
       "      <td>-0.048603</td>\n",
       "      <td>0.062696</td>\n",
       "      <td>-0.088599</td>\n",
       "      <td>-0.074532</td>\n",
       "      <td>-0.094242</td>\n",
       "      <td>-0.000437</td>\n",
       "      <td>-0.042764</td>\n",
       "      <td>-0.040034</td>\n",
       "      <td>0.013646</td>\n",
       "      <td>-0.060270</td>\n",
       "      <td>-0.112266</td>\n",
       "    </tr>\n",
       "    <tr>\n",
       "      <th>lan_03</th>\n",
       "      <td>-0.004755</td>\n",
       "      <td>-0.002805</td>\n",
       "      <td>-0.070881</td>\n",
       "      <td>1.000000</td>\n",
       "      <td>-0.122830</td>\n",
       "      <td>-0.160781</td>\n",
       "      <td>0.173245</td>\n",
       "      <td>-0.003625</td>\n",
       "      <td>0.193765</td>\n",
       "      <td>-0.069457</td>\n",
       "      <td>-0.066356</td>\n",
       "      <td>-0.080205</td>\n",
       "      <td>0.040942</td>\n",
       "      <td>0.022289</td>\n",
       "      <td>-0.005222</td>\n",
       "    </tr>\n",
       "    <tr>\n",
       "      <th>lan_04</th>\n",
       "      <td>-0.289190</td>\n",
       "      <td>-0.094170</td>\n",
       "      <td>-0.048603</td>\n",
       "      <td>-0.122830</td>\n",
       "      <td>1.000000</td>\n",
       "      <td>-0.291111</td>\n",
       "      <td>-0.246118</td>\n",
       "      <td>-0.327698</td>\n",
       "      <td>0.016225</td>\n",
       "      <td>-0.078955</td>\n",
       "      <td>-0.131522</td>\n",
       "      <td>-0.208190</td>\n",
       "      <td>-0.199403</td>\n",
       "      <td>-0.117638</td>\n",
       "      <td>-0.280131</td>\n",
       "    </tr>\n",
       "    <tr>\n",
       "      <th>lan_05</th>\n",
       "      <td>-0.168466</td>\n",
       "      <td>-0.144927</td>\n",
       "      <td>0.062696</td>\n",
       "      <td>-0.160781</td>\n",
       "      <td>-0.291111</td>\n",
       "      <td>1.000000</td>\n",
       "      <td>-0.165323</td>\n",
       "      <td>-0.153486</td>\n",
       "      <td>-0.252607</td>\n",
       "      <td>-0.054744</td>\n",
       "      <td>-0.047107</td>\n",
       "      <td>0.027371</td>\n",
       "      <td>0.007422</td>\n",
       "      <td>-0.071328</td>\n",
       "      <td>-0.207358</td>\n",
       "    </tr>\n",
       "    <tr>\n",
       "      <th>lan_06</th>\n",
       "      <td>-0.069850</td>\n",
       "      <td>-0.112851</td>\n",
       "      <td>-0.088599</td>\n",
       "      <td>0.173245</td>\n",
       "      <td>-0.246118</td>\n",
       "      <td>-0.165323</td>\n",
       "      <td>1.000000</td>\n",
       "      <td>-0.126008</td>\n",
       "      <td>0.683950</td>\n",
       "      <td>-0.077030</td>\n",
       "      <td>-0.072543</td>\n",
       "      <td>-0.095400</td>\n",
       "      <td>-0.084135</td>\n",
       "      <td>-0.018115</td>\n",
       "      <td>-0.111849</td>\n",
       "    </tr>\n",
       "    <tr>\n",
       "      <th>lan_07</th>\n",
       "      <td>-0.074826</td>\n",
       "      <td>-0.109947</td>\n",
       "      <td>-0.074532</td>\n",
       "      <td>-0.003625</td>\n",
       "      <td>-0.327698</td>\n",
       "      <td>-0.153486</td>\n",
       "      <td>-0.126008</td>\n",
       "      <td>1.000000</td>\n",
       "      <td>-0.028678</td>\n",
       "      <td>-0.089710</td>\n",
       "      <td>-0.076178</td>\n",
       "      <td>-0.088167</td>\n",
       "      <td>-0.015928</td>\n",
       "      <td>-0.063740</td>\n",
       "      <td>-0.114450</td>\n",
       "    </tr>\n",
       "    <tr>\n",
       "      <th>lan_08</th>\n",
       "      <td>-0.102339</td>\n",
       "      <td>-0.091286</td>\n",
       "      <td>-0.094242</td>\n",
       "      <td>0.193765</td>\n",
       "      <td>0.016225</td>\n",
       "      <td>-0.252607</td>\n",
       "      <td>0.683950</td>\n",
       "      <td>-0.028678</td>\n",
       "      <td>1.000000</td>\n",
       "      <td>-0.123387</td>\n",
       "      <td>-0.127277</td>\n",
       "      <td>-0.177310</td>\n",
       "      <td>-0.123788</td>\n",
       "      <td>-0.072975</td>\n",
       "      <td>-0.127556</td>\n",
       "    </tr>\n",
       "    <tr>\n",
       "      <th>lan_09</th>\n",
       "      <td>-0.069690</td>\n",
       "      <td>-0.061568</td>\n",
       "      <td>-0.000437</td>\n",
       "      <td>-0.069457</td>\n",
       "      <td>-0.078955</td>\n",
       "      <td>-0.054744</td>\n",
       "      <td>-0.077030</td>\n",
       "      <td>-0.089710</td>\n",
       "      <td>-0.123387</td>\n",
       "      <td>1.000000</td>\n",
       "      <td>-0.030720</td>\n",
       "      <td>0.001207</td>\n",
       "      <td>-0.029271</td>\n",
       "      <td>-0.037140</td>\n",
       "      <td>-0.086571</td>\n",
       "    </tr>\n",
       "    <tr>\n",
       "      <th>lan_10</th>\n",
       "      <td>-0.066412</td>\n",
       "      <td>-0.057046</td>\n",
       "      <td>-0.042764</td>\n",
       "      <td>-0.066356</td>\n",
       "      <td>-0.131522</td>\n",
       "      <td>-0.047107</td>\n",
       "      <td>-0.072543</td>\n",
       "      <td>-0.076178</td>\n",
       "      <td>-0.127277</td>\n",
       "      <td>-0.030720</td>\n",
       "      <td>1.000000</td>\n",
       "      <td>0.021314</td>\n",
       "      <td>0.088466</td>\n",
       "      <td>-0.015383</td>\n",
       "      <td>-0.081701</td>\n",
       "    </tr>\n",
       "    <tr>\n",
       "      <th>lan_11</th>\n",
       "      <td>-0.123310</td>\n",
       "      <td>-0.102076</td>\n",
       "      <td>-0.040034</td>\n",
       "      <td>-0.080205</td>\n",
       "      <td>-0.208190</td>\n",
       "      <td>0.027371</td>\n",
       "      <td>-0.095400</td>\n",
       "      <td>-0.088167</td>\n",
       "      <td>-0.177310</td>\n",
       "      <td>0.001207</td>\n",
       "      <td>0.021314</td>\n",
       "      <td>1.000000</td>\n",
       "      <td>0.016063</td>\n",
       "      <td>-0.063945</td>\n",
       "      <td>-0.149814</td>\n",
       "    </tr>\n",
       "    <tr>\n",
       "      <th>lan_12</th>\n",
       "      <td>0.080583</td>\n",
       "      <td>0.292020</td>\n",
       "      <td>0.013646</td>\n",
       "      <td>0.040942</td>\n",
       "      <td>-0.199403</td>\n",
       "      <td>0.007422</td>\n",
       "      <td>-0.084135</td>\n",
       "      <td>-0.015928</td>\n",
       "      <td>-0.123788</td>\n",
       "      <td>-0.029271</td>\n",
       "      <td>0.088466</td>\n",
       "      <td>0.016063</td>\n",
       "      <td>1.000000</td>\n",
       "      <td>0.142839</td>\n",
       "      <td>0.208394</td>\n",
       "    </tr>\n",
       "    <tr>\n",
       "      <th>lan_14</th>\n",
       "      <td>0.206178</td>\n",
       "      <td>0.138091</td>\n",
       "      <td>-0.060270</td>\n",
       "      <td>0.022289</td>\n",
       "      <td>-0.117638</td>\n",
       "      <td>-0.071328</td>\n",
       "      <td>-0.018115</td>\n",
       "      <td>-0.063740</td>\n",
       "      <td>-0.072975</td>\n",
       "      <td>-0.037140</td>\n",
       "      <td>-0.015383</td>\n",
       "      <td>-0.063945</td>\n",
       "      <td>0.142839</td>\n",
       "      <td>1.000000</td>\n",
       "      <td>0.234514</td>\n",
       "    </tr>\n",
       "    <tr>\n",
       "      <th>Euro_lang</th>\n",
       "      <td>0.873919</td>\n",
       "      <td>0.597506</td>\n",
       "      <td>-0.112266</td>\n",
       "      <td>-0.005222</td>\n",
       "      <td>-0.280131</td>\n",
       "      <td>-0.207358</td>\n",
       "      <td>-0.111849</td>\n",
       "      <td>-0.114450</td>\n",
       "      <td>-0.127556</td>\n",
       "      <td>-0.086571</td>\n",
       "      <td>-0.081701</td>\n",
       "      <td>-0.149814</td>\n",
       "      <td>0.208394</td>\n",
       "      <td>0.234514</td>\n",
       "      <td>1.000000</td>\n",
       "    </tr>\n",
       "  </tbody>\n",
       "</table>\n",
       "</div>"
      ],
      "text/plain": [
       "             lan_00    lan_01    lan_02    lan_03    lan_04    lan_05  \\\n",
       "lan_00     1.000000  0.132408 -0.099351 -0.004755 -0.289190 -0.168466   \n",
       "lan_01     0.132408  1.000000 -0.065034 -0.002805 -0.094170 -0.144927   \n",
       "lan_02    -0.099351 -0.065034  1.000000 -0.070881 -0.048603  0.062696   \n",
       "lan_03    -0.004755 -0.002805 -0.070881  1.000000 -0.122830 -0.160781   \n",
       "lan_04    -0.289190 -0.094170 -0.048603 -0.122830  1.000000 -0.291111   \n",
       "lan_05    -0.168466 -0.144927  0.062696 -0.160781 -0.291111  1.000000   \n",
       "lan_06    -0.069850 -0.112851 -0.088599  0.173245 -0.246118 -0.165323   \n",
       "lan_07    -0.074826 -0.109947 -0.074532 -0.003625 -0.327698 -0.153486   \n",
       "lan_08    -0.102339 -0.091286 -0.094242  0.193765  0.016225 -0.252607   \n",
       "lan_09    -0.069690 -0.061568 -0.000437 -0.069457 -0.078955 -0.054744   \n",
       "lan_10    -0.066412 -0.057046 -0.042764 -0.066356 -0.131522 -0.047107   \n",
       "lan_11    -0.123310 -0.102076 -0.040034 -0.080205 -0.208190  0.027371   \n",
       "lan_12     0.080583  0.292020  0.013646  0.040942 -0.199403  0.007422   \n",
       "lan_14     0.206178  0.138091 -0.060270  0.022289 -0.117638 -0.071328   \n",
       "Euro_lang  0.873919  0.597506 -0.112266 -0.005222 -0.280131 -0.207358   \n",
       "\n",
       "             lan_06    lan_07    lan_08    lan_09    lan_10    lan_11  \\\n",
       "lan_00    -0.069850 -0.074826 -0.102339 -0.069690 -0.066412 -0.123310   \n",
       "lan_01    -0.112851 -0.109947 -0.091286 -0.061568 -0.057046 -0.102076   \n",
       "lan_02    -0.088599 -0.074532 -0.094242 -0.000437 -0.042764 -0.040034   \n",
       "lan_03     0.173245 -0.003625  0.193765 -0.069457 -0.066356 -0.080205   \n",
       "lan_04    -0.246118 -0.327698  0.016225 -0.078955 -0.131522 -0.208190   \n",
       "lan_05    -0.165323 -0.153486 -0.252607 -0.054744 -0.047107  0.027371   \n",
       "lan_06     1.000000 -0.126008  0.683950 -0.077030 -0.072543 -0.095400   \n",
       "lan_07    -0.126008  1.000000 -0.028678 -0.089710 -0.076178 -0.088167   \n",
       "lan_08     0.683950 -0.028678  1.000000 -0.123387 -0.127277 -0.177310   \n",
       "lan_09    -0.077030 -0.089710 -0.123387  1.000000 -0.030720  0.001207   \n",
       "lan_10    -0.072543 -0.076178 -0.127277 -0.030720  1.000000  0.021314   \n",
       "lan_11    -0.095400 -0.088167 -0.177310  0.001207  0.021314  1.000000   \n",
       "lan_12    -0.084135 -0.015928 -0.123788 -0.029271  0.088466  0.016063   \n",
       "lan_14    -0.018115 -0.063740 -0.072975 -0.037140 -0.015383 -0.063945   \n",
       "Euro_lang -0.111849 -0.114450 -0.127556 -0.086571 -0.081701 -0.149814   \n",
       "\n",
       "             lan_12    lan_14  Euro_lang  \n",
       "lan_00     0.080583  0.206178   0.873919  \n",
       "lan_01     0.292020  0.138091   0.597506  \n",
       "lan_02     0.013646 -0.060270  -0.112266  \n",
       "lan_03     0.040942  0.022289  -0.005222  \n",
       "lan_04    -0.199403 -0.117638  -0.280131  \n",
       "lan_05     0.007422 -0.071328  -0.207358  \n",
       "lan_06    -0.084135 -0.018115  -0.111849  \n",
       "lan_07    -0.015928 -0.063740  -0.114450  \n",
       "lan_08    -0.123788 -0.072975  -0.127556  \n",
       "lan_09    -0.029271 -0.037140  -0.086571  \n",
       "lan_10     0.088466 -0.015383  -0.081701  \n",
       "lan_11     0.016063 -0.063945  -0.149814  \n",
       "lan_12     1.000000  0.142839   0.208394  \n",
       "lan_14     0.142839  1.000000   0.234514  \n",
       "Euro_lang  0.208394  0.234514   1.000000  "
      ]
     },
     "execution_count": 10,
     "metadata": {},
     "output_type": "execute_result"
    }
   ],
   "source": [
    "languages.corr()"
   ]
  },
  {
   "cell_type": "code",
   "execution_count": 11,
   "id": "74448e7a",
   "metadata": {},
   "outputs": [
    {
     "data": {
      "text/html": [
       "<div>\n",
       "<style scoped>\n",
       "    .dataframe tbody tr th:only-of-type {\n",
       "        vertical-align: middle;\n",
       "    }\n",
       "\n",
       "    .dataframe tbody tr th {\n",
       "        vertical-align: top;\n",
       "    }\n",
       "\n",
       "    .dataframe thead th {\n",
       "        text-align: right;\n",
       "    }\n",
       "</style>\n",
       "<table border=\"1\" class=\"dataframe\">\n",
       "  <thead>\n",
       "    <tr style=\"text-align: right;\">\n",
       "      <th></th>\n",
       "      <th>pw_00</th>\n",
       "      <th>pw_01</th>\n",
       "      <th>pw_02</th>\n",
       "      <th>pw_03</th>\n",
       "      <th>pw_04</th>\n",
       "      <th>pw_05</th>\n",
       "      <th>pw_06</th>\n",
       "    </tr>\n",
       "  </thead>\n",
       "  <tbody>\n",
       "    <tr>\n",
       "      <th>pw_00</th>\n",
       "      <td>1.000000</td>\n",
       "      <td>-0.342950</td>\n",
       "      <td>-0.541994</td>\n",
       "      <td>-0.503090</td>\n",
       "      <td>-0.411110</td>\n",
       "      <td>-0.335677</td>\n",
       "      <td>-0.475848</td>\n",
       "    </tr>\n",
       "    <tr>\n",
       "      <th>pw_01</th>\n",
       "      <td>-0.342950</td>\n",
       "      <td>1.000000</td>\n",
       "      <td>-0.285343</td>\n",
       "      <td>-0.307012</td>\n",
       "      <td>-0.285169</td>\n",
       "      <td>-0.226052</td>\n",
       "      <td>-0.298024</td>\n",
       "    </tr>\n",
       "    <tr>\n",
       "      <th>pw_02</th>\n",
       "      <td>-0.541994</td>\n",
       "      <td>-0.285343</td>\n",
       "      <td>1.000000</td>\n",
       "      <td>0.722132</td>\n",
       "      <td>0.483907</td>\n",
       "      <td>0.310824</td>\n",
       "      <td>0.061786</td>\n",
       "    </tr>\n",
       "    <tr>\n",
       "      <th>pw_03</th>\n",
       "      <td>-0.503090</td>\n",
